diff --git a/CAR.tsv b/CAR.tsv
index 82276c8..bfd61d6 100644
--- a/CAR.tsv
+++ b/CAR.tsv
@@ -3,0 +4 @@
+3	Tesla	50000.58
\ No newline at end of file
diff --git a/CITY.tsv b/CITY.tsv
index 81be60d..a9f7fb8 100644
--- a/CITY.tsv
+++ b/CITY.tsv
@@ -63 +63 @@
-62	Surat	4591246	India	21.19594	72.83023	2021-10-07	1255364	IN
+62	Surat	4555446	India	21.19594	72.83023	2021-10-07	1255364	IN
@@ -65,3 +65,3 @@
-64	Kabul	4434550	Afghanistan	34.52813	69.17233	2022-06-18	1138958	AF
-65	Wuxi	4396835	China	31.56887	120.28857	2022-04-01	1790923	CN
-66	Giza	4367343	Egypt	30.00944	31.20861	2022-04-18	360995	EG
+64	Kabull	4434550	Afghanistan	34.52813	69.17233	2022-06-18	1138958	AF
+65	Wuxi	5543555	China	31.56887	120.28857	2022-04-01	1790923	CN
+66	Giiza	4367343	Egypt	30.00944	31.20861	2022-04-18	360995	EG
@@ -76,4 +75,0 @@
-75	Los Angeles	3898747	United States	34.05223	-118.24368	2022-08-24	5368361	US
-76	Kunming	3855346	China	25.03889	102.71833	2021-09-20	1804651	CN
-77	Zhongshan	3841873	China	22.52306	113.37912	2021-12-13	6986104	CN
-78	Nanning	3839800	China	22.81667	108.31667	2021-10-10	1799869	CN
@@ -1590,3 +1585,0 @@
-1589	Biskra	307987	Algeria	34.85038	5.72805	2018-08-08	2503826	DZ
-1590	Mannheim	307960	Germany	49.4891	8.46694	2019-09-05	2873891	DE
-1591	Chernihiv	307684	Ukraine	51.50551	31.28487	2022-09-01	710735	UA
@@ -4989,5 +4981,0 @@
-4988	Highlands Ranch	96713	United States	39.55388	-104.96943	2011-05-14	5425043	US
-4989	Lugo	96678	Spain	43.00992	-7.55602	2018-03-09	3117814	ES
-4990	Sakado	96656	Japan	35.95694	139.38889	2017-07-22	1853209	JP
-4991	Lawton	96655	United States	34.60869	-98.39033	2017-03-09	4540737	US
-4992	Azimpur	96641	Bangladesh	23.7298	90.3854	2016-11-09	7701354	BD
diff --git a/COUNTRY_POPULATION.tsv b/COUNTRY_POPULATION.tsv
index 18692a6..dd84ddf 100644
--- a/COUNTRY_POPULATION.tsv
+++ b/COUNTRY_POPULATION.tsv
@@ -5 +4,0 @@
-4	Indonesia	274021604	-98955	1811570	2.3	30	2898047	151	56.0	3.51	1.07
@@ -9 +7,0 @@
-8	Bangladesh	164972348	-369501	130170	2.1	28	1643222	1265	39.0	2.11	1.01
@@ -14,2 +12,2 @@
-56	Sri Lanka	121428970	-97986	62710	2.2	34	89516	341	18.0	0.27	0.42
-59	Romania	119214608	-73999	230170	1.6	43	-126866	84	55.0	0.25	-0.66
+56	Sri Lanka	121428970	-97986	62710	2.2	34	546544	341	18.0	0.27	0.42
+59	Romania	119214608	-73999	654	1.6	43	-126866	84	55.0	0.25	-0.66
@@ -31,0 +30 @@
+8	Bangladesh	56345456	-369501	130170	2.1	28	546	1265	39.0	2.11	1.01
@@ -36 +35 @@
-32	Sudan	44019263	-50000	1765048	4.4	20	1036022	25	35.0	0.56	2.42
+32	Sudan	44019263	-50000	1765048	4.4	20	456	25	35.0	0.56	2.42
@@ -46,4 +44,0 @@
-41	Peru	33050211	99069	1280000	2.3	31	461401	26	79.0	0.42	1.42
-42	Angola	33032075	6413	1246700	5.6	17	1040977	26	67.0	0.42	3.27
-43	Malaysia	32436963	50000	328550	2.0	30	416222	99	78.0	0.42	1.3
-44	Mozambique	31398811	-5000	786380	4.9	18	889399	40	38.0	0.4	2.93
@@ -52 +47 @@
-47	Nepal	29225196	41710	143350	1.9	25	528098	203	21.0	0.37	1.85
+47	Nepal	29225196	41710	3456	1.9	25	528098	203	21.0	0.37	1.85
@@ -63 +58 @@
-60	Malawi	19211425	-16053	94280	4.3	18	501205	203	18.0	0.25	2.69
+60	Malawi	19211425	-16053	94280	4.3	18	501205	203	18.0	0.25	45.0
@@ -77 +71,0 @@
-125	Mauritania	14669775	5000	1030700	4.6	20	123962	5	57.0	0.06	2.74
@@ -84,5 +78 @@
-76	Burundi	11948454	2001	25680	5.5	17	360204	463	14.0	0.15	3.12
-77	Tunisia	11839918	-4000	155360	2.2	33	123900	76	70.0	0.15	1.06
-78	Bolivia	11700207	-9504	1083300	2.8	26	159921	11	69.0	0.15	1.39
-79	Belgium	11598451	48000	30280	1.7	42	50295	383	98.0	0.15	0.44
-80	Haiti	11426356	-35000	27560	3.0	24	139451	414	57.0	0.15	1.24
+80	Haiti ghdfh	11426356	-35000	27560	3.0	24	139451	3456	57.0	0.15	1.24
@@ -121,0 +112,4 @@
+76	Burundi	11948454	2001	25680	5.5	17	360204	463	14.0	0.15	3.12
+77	Tunisia	11839918	-4000	155360	2.2	33	123900	76	70.0	0.15	1.06
+78	Bolivia	11700207	-9504	1083300	2.8	26	159921	11	69.0	0.15	1.39
+79	Belgium	11598451	48000	30280	1.7	42	50295	383	98.0	0.15	0.44
@@ -167,0 +162 @@
+4	Indonesia	634563	-98955	1811570	2.3	30	2898047	151	56.0	3.51	1.07
@@ -223,4 +217,0 @@
-222	Tuvalu	11817		30			146	393	62.0	0.0	1.25
-223	Wallis & Futuna	11203		140			-193	80	0.0	0.0	-1.69
-224	Nauru	10836		20			68	541		0.0	0.63
-225	Saint Barthelemy	9882		21			30	470	0.0	0.0	0.3
@@ -229,0 +221 @@
+235	XYZ	4654	546	646			6654	645		0.0	54664.0
@@ -231 +222,0 @@
-230	Niue	1628		260			11	6	46.0	0.0	0.68
@@ -233,0 +225,3 @@
+233	dfgsdfg	452	34	345			43	35		0.0	45.0
+125	Mauritania	346	5000	1030700	4.6	20	123962	5	57.0	0.06	2.74
+234	djdfghdf	56	78	45			54	45		0.0	456.0